# oST version 5.0 parameters


[image]

width
1224

height
1024

[narrow_stereo]

camera matrix
1220.767634 0.000000 626.970733
0.000000 1221.247258 478.161963
0.000000 0.000000 1.000000

distortion
-0.029478 0.216296 -0.002616 0.000568 0.000000

rectification
1.000000 0.000000 0.000000
0.000000 1.000000 0.000000
0.000000 0.000000 1.000000

projection
1251.428101 0.000000 626.572592 0.000000
0.000000 1251.782227 477.426519 0.000000
0.000000 0.000000 1.000000 0.000000

