image_width: 1224
image_height: 1024
camera_name: narrow_stereo
camera_matrix:
  rows: 3
  cols: 3
  data: [1220.767634, 0.000000, 626.970733, 0.000000, 1221.247258, 478.161963, 0.000000, 0.000000, 1.000000]
distortion_model: plumb_bob
distortion_coefficients:
  rows: 1
  cols: 5
  data: [-0.029478, 0.216296, -0.002616, 0.000568, 0.000000]
rectification_matrix:
  rows: 3
  cols: 3
  data: [1.000000, 0.000000, 0.000000, 0.000000, 1.000000, 0.000000, 0.000000, 0.000000, 1.000000]
projection_matrix:
  rows: 3
  cols: 4
  data: [1251.428101, 0.000000, 626.572592, 0.000000, 0.000000, 1251.782227, 477.426519, 0.000000, 0.000000, 0.000000, 1.000000, 0.000000]
